%TIME (h)	SPD(m/s)	TEMP(F)	DEWP(F)	SLP(mb)
1	16	57	36	1020.8
2	12	55	35	1021.3
3	14	52	34	1022.4
4	13	51	32	1022
5	8	51	34	1022.3
6	10	50	34	1022.6
7	9	50	36	1022.1
8	9	50	36	1022.1
9	7	49	37	1021.9
10	8	50	36	1021.9
11	8	49	36	1021.5
12	8	49	36	1021.7
13	5	50	38	1021.9
14	10	52	43	1021.7
15	10	51	43	1021.7
16	14	52	45	1021.5
17	9	52	49	1021.5
18	9	52	51	1021
19	9	53	52	1020.3
20	8	54	53	1018.8
21	11	55	55	1017.3
22	12	56	55	1017.3
23	9	57	56	1016
24	13	61	58	1014.5
25	17	62	58	1013.3
26	23	62	59	1012.4
27	18	61	59	1012.4
28	17	59	57	1012.3
29	17	59	58	1012.3
30	17	59	58	1013.1
31	10	61	59	1013.6
32	12	58	57	1013.1
33	14	60	58	1012.9
34	16	59	56	1012.7
35	16	59	55	1012.4
36	16	59	56	1012.4
37	17	59	56	1011.6
38	15	60	56	1011
39	14	60	56	1010.7
40	14	59	57	1010.6
41	12	60	57	1010.8
42	13	63	57	1010.8
43	13	62	57	1010.8
44	17	66	58	1010.6
45	13	68	59	1010.5
46	16	72	58	1009.9
47	18	73	59	1009.2
48	16	74	58	1008.2
49	19	75	55	1007.2
50	20	75	56	1007.2
51	20	75	55	1006.3
52	20	72	56	1005.9
53	18	71	57	1006.7
54	21	56	50	1009
55	20	52	49	1009.1
56	22	52	46	1010.5
57	22	51	47	1010.5
58	22	49	46	1010.9
59	23	49	45	1011.6
60	20	49	45	1011.5
61	21	48	45	1011.4
62	15	48	44	1011.3
63	17	48	45	1011.2
64	17	48	44	1011.2
65	17	48	43	1011.4
66	17	47	44	1012
67	18	48	43	1012.3
68	13	48	42	1013.1
69	16	49	41	1014.1
70	18	50	39	1015.2
71	18	50	40	1015.2
72	21	51	37	1015.4
73	20	54	37	1015.7
74	14	54	36	1016.1
75	16	54	35	1016.4
76	15	54	35	1016
77	14	52	36	1016.5
78	14	52	35	1016.5
79	13	52	34	1017
80	12	52	32	1017.1
81	9	53	30	1017.2
82	8	52	30	1017.3
83	6	51	30	1017.8
84	6	52	34	1018.7
85	6	51	33	1018.7
86	5	51	30	1019.4
87	5	51	32	1020.1
88	3	50	32	1020.4
89	5	48	33	1021.1
90	7	48	35	1021.2
91	5	46	34	1021.5
92	5	47	34	1021.5
93	7	45	34	1021.9
94	5	44	34	1022.3
95	0	43	39	1022.4
96	0	44	36	1022.8
97	9	47	35	1023.4
98	9	52	34	1024
99	9	51	34	1024
100	10	52	31	1024.3
101	8	52	33	1024.4
102	8	51	35	1024.1
103	8	53	38	1024
104	7	54	35	1023.3
105	11	57	43	1022.7
106	12	57	42	1022.7
107	13	55	42	1022.2
108	12	55	36	1021.8
109	12	55	38	1021.5
110	10	56	37	1021.3
111	9	53	36	1021.1
112	6	52	36	1021.7
113	6	52	36	1021.7
114	5	50	41	1022.3
115	7	53	32	1022.4
116	6	50	32	1022.6
117	5	50	36	1022.1
118	6	48	35	1021.5
119	5	48	34	1020.8
120	5	49	33	1020.8
121	5	47	35	1020.1
122	3	49	32	1020.4
123	0	47	35	1019.7
124	0	47	35	1021.2
125	0	49	37	1022.4
126	3	52	37	1022.8
127	3	52	38	1022.8
128	6	54	37	1022.8
129	6	54	38	1022.8
130	6	58	35	1022.7
131	13	57	38	1022.5
132	10	57	44	1022.6
133	16	60	35	1022.1
134	18	61	30	1021.6
135	18	61	31	1021.6
136	17	60	36	1020.9
137	17	57	39	1020.2
138	13	60	42	1020.4
139	10	62	35	1020.5
140	12	61	30	1020.4
141	10	57	34	1020.1
142	10	58	33	1020.1
143	10	56	36	1020.1
144	13	55	22	1020.6
145	14	54	20	1021.3
146	10	52	25	1020.7
147	9	51	25	1020.9
148	7	50	27	1020.6
149	7	50	26	1020.6
150	8	50	28	1019.8
151	8	49	33	1019.3
152	6	49	36	1019
153	7	48	38	1020.1
154	5	48	39	1020
155	8	48	41	1019.6
156	8	49	41	1019.6
157	8	49	43	1019.7
158	9	49	46	1019.3
159	6	51	47	1018.9
160	6	51	47	1018.3
161	6	50	50	1018.3
162	3	51	51	1017.8
163	5	52	52	1017.3
164	5	51	51	1017.3
165	8	51	50	1016.5
166	8	52	51	1015.3
167	9	52	52	1014.9
168	9	52	52	1014.1
169	9	50	50	1014.1
170	7	50	50	1013.9
171	7	50	50	1013.9
172	6	50	50	1013.4
173	6	50	50	1013.4
174	5	50	50	1013.8
175	5	50	50	1013.8
176	6	50	50	1013.6
177	6	50	50	1013.6
178	5	50	50	1012.9
179	5	50	50	1012.9
180	0	50	50	1012.5
181	3	50	50	1012.5
182	3	49	49	1012.5
183	0	50	50	1011.6
184	0	50	50	1011.6
185	0	51	51	1011.4
186	0	52	51	1012.3
187	3	52	51	1011.5
188	5	53	52	1012
189	7	56	54	1012.2
190	6	58	54	1012.4
191	7	61	55	1012.2
192	5	65	54	1012.4
193	6	69	53	1011.9
194	14	74	49	1011
195	12	75	48	1010.7
196	15	64	54	1010.9
197	15	65	54	1010.9
198	14	64	54	1011.1
199	14	65	54	1011.1
200	10	63	54	1011.3
201	9	64	52	1011.3
202	6	65	53	1012
203	8	61	52	1012.3
204	10	61	52	1012.5
205	10	61	52	1012.5
206	8	57	51	1013
207	3	57	51	1013.8
208	3	59	52	1013.5
209	7	57	52	1013.3
210	13	58	52	1013.6
211	16	55	48	1014
212	16	55	48	1014
213	16	52	46	1014.5
214	13	52	45	1014.7
215	9	51	46	1014.9
216	12	50	47	1015.1
217	14	49	47	1015.1
218	15	48	46	1015.3
219	15	48	46	1015.3
220	13	48	46	1015.4
221	10	47	45	1015.8
222	12	47	46	1016.1
223	12	47	46	1015.8
224	13	47	46	1015.9
225	11	46	46	1016.2
226	12	47	46	1016.2
227	6	47	47	1015.9
228	8	49	44	1015.8
229	7	49	44	1016
230	6	49	45	1016.2
231	0	49	45	1016.1
232	3	48	45	1016.4
233	3	48	44	1016.4
234	0	48	44	1016.3
235	3	48	45	1016.1
236	6	48	44	1015.9
237	0	51	44	1015.7
238	3	51	45	1015.8
239	5	52	46	1015.2
240	5	51	47	1015.2
241	6	50	48	1014.6
242	7	50	48	1014.5
243	5	50	48	1014.5
244	6	49	47	1014.2
245	6	49	48	1014.5
246	8	50	48	1014
247	8	50	49	1014
248	5	53	50	1014.1
249	6	57	52	1013.4
250	6	61	52	1013.4
251	10	56	52	1012.9
252	10	56	51	1012.9
253	14	55	52	1012.6
254	14	55	51	1012.6
255	13	55	51	1012.8
256	12	55	50	1012.8
257	14	53	49	1013.3
258	12	50	47	1013.7
259	12	49	46	1013.8
260	8	48	46	1014.3
261	8	48	46	1014.3
262	6	47	45	1014.6
263	0	47	45	1014.6
264	0	47	45	1014.4
265	3	47	45	1013.8
266	5	48	45	1013.2
267	9	48	45	1012.9
268	9	48	45	1012.9
269	8	48	46	1012.6
270	8	49	45	1012.7
271	12	49	42	1012.8
272	8	49	41	1013
273	13	51	41	1013.5
274	10	54	37	1013
275	10	54	38	1013
276	14	56	37	1012.7
277	14	59	36	1011.9
278	14	61	37	1011.3
279	9	63	36	1010.8
280	16	65	37	1009.4
281	11	68	36	1008.5
282	12	68	35	1008.5
283	10	69	34	1008.3
284	13	71	34	1007.8
285	12	73	33	1007.3
286	9	73	31	1007.3
287	10	57	45	1007.4
288	6	56	45	1008.2
289	5	55	45	1008.7
290	0	58	42	1008.7
291	0	54	46	1009
292	6	51	47	1009.4
293	6	50	46	1010.2
294	0	52	46	1010.4
295	0	51	46	1010.4
296	7	51	45	1010.2
297	14	50	46	1010.6
298	10	49	43	1010.9
299	13	48	42	1010.9
300	12	49	42	1011.4
301	9	50	41	1012.6
302	9	50	41	1012.6
303	8	51	41	1012.3
304	9	52	41	1012.1
305	12	53	41	1011.5
306	13	53	42	1011.1
307	15	53	42	1010.5
308	18	54	43	1009.5
309	18	54	42	1009.5
310	20	53	40	1009.3
311	18	52	41	1008.8
312	17	52	43	1008.5
313	18	52	44	1008.2
314	17	51	44	1007.6
315	17	48	46	1007.2
316	17	49	46	1007.2
317	20	49	45	1006.5
318	15	49	44	1005.6
319	16	48	44	1004.3
320	16	48	44	1003.1
321	14	47	45	1001.9
322	10	46	46	1002.7
323	10	46	46	1002.7
324	16	46	45	1001.5
325	13	46	45	1002.1
326	17	45	44	1001.2
327	14	45	44	1001
328	10	45	44	1001.2
329	11	45	45	1001.3
330	12	45	44	1001.3
331	9	45	45	1001.4
332	8	47	45	1001
333	8	47	45	1000.9
334	3	48	45	1000.8
335	6	49	44	1000.8
336	3	50	45	1000.5
337	3	50	45	1000.5
338	5	51	46	1000
339	8	51	46	999.3
340	9	49	46	999.4
341	10	47	46	999.3
342	13	47	46	999.5
343	13	46	45	999.6
344	13	47	45	999.6
345	13	47	46	999.7
346	13	47	46	999.7
347	8	47	46	999.9
348	10	47	46	999.3
349	7	46	46	999.1
350	5	46	46	998.7
351	5	47	46	998.7
352	0	47	46	998.6
353	3	47	46	998.6
354	5	48	47	998.6
355	6	48	48	998.9
356	8	50	49	999.1
357	11	55	46	999.1
358	12	55	46	999.1
359	10	55	46	999.5
360	14	59	47	999.5
361	10	57	46	999.7
362	10	58	45	999.6
363	8	61	45	999.5
364	14	61	43	999.6
365	14	61	43	999.6
366	9	60	45	999.6
367	8	59	48	1000
368	13	59	45	1000.4
369	13	52	48	1001
370	9	50	47	1001.7
371	5	50	48	1002.5
372	5	50	48	1002.5
373	3	50	48	1003.3
374	7	54	45	1003.6
375	12	53	46	1003.6
376	13	53	45	1003.6
377	14	53	45	1003.6
378	13	52	45	1003.8
379	13	52	45	1003.8
380	10	52	45	1004.1
381	12	50	46	1004.4
382	8	50	47	1004.9
383	9	50	47	1005.4
384	8	50	48	1006
385	7	52	46	1006.8
386	7	52	47	1006.8
387	10	52	48	1007.5
388	10	53	49	1008.1
389	15	57	48	1008.4
390	12	61	47	1008.5
391	12	61	45	1008.7
392	14	63	45	1008.9
393	14	63	44	1008.9
394	13	64	44	1009.3
395	12	54	48	1010.3
396	10	53	47	1011.2
397	10	53	47	1011.9
398	9	52	47	1013
399	7	52	46	1013.9
400	7	51	47	1013.9
401	6	51	47	1014.7
402	6	51	47	1015.3
403	6	51	48	1015.7
404	0	49	48	1016.4
405	5	49	47	1016.8
406	0	46	46	1017.1
407	0	47	46	1017.1
408	6	46	45	1017.5
409	6	47	45	1017.5
410	6	47	45	1017.8
411	6	47	45	1018.7
412	7	46	45	1019.7
413	3	51	48	1020.5
414	3	54	48	1021.2
415	8	55	48	1022
416	8	56	49	1022.7
417	9	57	50	1023.2
418	12	58	50	1023.3
419	12	55	48	1023.6
420	14	54	48	1024
421	14	54	48	1024
422	13	54	48	1024.6
423	13	55	47	1025.1
424	13	54	48	1025.3
425	15	52	49	1026.2
426	14	50	48	1026.6
427	14	48	46	1027.9
428	14	49	47	1027.9
429	12	48	46	1028.6
430	13	48	46	1029.1
431	12	49	46	1029.5
432	13	49	44	1029.3
433	12	49	43	1029.6
434	11	48	43	1029.4
435	12	49	43	1029.4
436	10	48	43	1029.7
437	13	48	42	1030
438	15	48	40	1030.2
439	16	47	42	1030.8
440	14	48	42	1031.3
441	17	46	43	1032
442	17	47	42	1032
443	16	48	43	1032.1
444	18	48	42	1032.2
445	18	48	43	1032.5
446	17	49	43	1032.6
447	22	48	43	1032.7
448	18	48	43	1033.1
449	18	48	42	1033.1
450	18	49	41	1033
451	17	48	41	1032.8
452	18	47	39	1032.2
453	14	45	38	1032.3
454	13	45	38	1032.2
455	11	45	39	1032.5
456	12	45	39	1032.5
457	13	45	39	1032.2
458	14	44	39	1032.2
459	14	44	40	1031.9
460	15	43	40	1031.7
461	15	44	39	1031.5
462	14	45	39	1031.3
463	14	44	39	1031.3
464	13	45	39	1031.1
465	16	44	37	1030.7
466	13	44	37	1031
467	15	44	37	1031
468	13	45	38	1031.7
469	13	45	37	1032.3
470	15	47	38	1032.3
471	13	49	39	1032.5
472	15	49	39	1032.7
473	17	49	39	1032.6
474	16	49	39	1032.2
475	17	48	39	1031.4
476	17	49	40	1031.4
477	15	49	39	1031
478	14	48	37	1030.7
479	10	48	36	1030.6
480	8	48	36	1030.1
481	8	47	36	1029.8
482	7	46	34	1030
483	7	46	34	1030
484	5	44	35	1029.9
485	3	45	35	1029.8
486	0	46	35	1029.3
487	3	45	37	1029.3
488	5	44	30	1029.1
489	6	39	32	1028.9
490	6	40	32	1028.9
491	6	39	33	1028.5
492	6	41	33	1028.4
493	6	41	32	1028.4
494	3	42	30	1028.6
495	6	45	28	1028.5
496	3	50	25	1028.7
497	3	50	24	1028.7
498	0	54	24	1028.8
499	7	54	29	1029.1
500	8	56	23	1029
501	9	58	22	1028.8
502	9	59	18	1028.4
503	9	61	23	1028.1
504	9	61	23	1028.1
505	9	61	25	1027.5
506	8	62	28	1027.2
507	6	63	32	1026.9
508	6	62	34	1026.6
509	5	62	39	1026.3
510	5	57	37	1026.3
511	5	58	38	1026.3
512	0	59	33	1026.2
513	7	59	35	1026.1
514	7	57	39	1026.1
515	5	57	40	1026.2
516	6	53	40	1026.2
517	0	55	39	1026.3
518	0	56	40	1026.3
519	7	55	39	1026.2
520	9	54	38	1026.2
521	9	54	37	1026.2
522	7	53	38	1026.4
523	3	57	39	1026.6
524	6	63	39	1027.1
525	6	62	40	1027.1
526	3	68	41	1027.6
527	3	74	41	1027.5
528	7	72	45	1027.7
529	10	72	39	1027.2
530	13	72	39	1026.9
531	11	70	45	1026.5
532	12	70	44	1026.5
533	12	70	43	1026.1
534	12	64	48	1025.8
535	9	67	49	1025.5
536	8	67	48	1025.3
537	9	63	48	1025.2
538	6	61	48	1025.5
539	6	61	48	1025.5
540	7	61	44	1025.7
541	10	62	43	1026
542	6	60	40	1026
543	3	57	46	1026
544	6	56	46	1025.7
545	6	55	46	1025.4
546	6	55	46	1025.4
547	5	53	44	1025.3
548	3	53	43	1024.9
549	5	53	44	1024.9
550	7	52	43	1025.1
551	6	57	42	1025.1
552	7	63	43	1025.1
553	7	63	42	1025.1
554	5	67	42	1025.1
555	3	73	42	1024.3
556	9	76	47	1024
557	8	76	47	1024
558	8	79	44	1023.6
559	9	80	45	1022.9
560	13	79	46	1022.3
561	13	79	46	1022.3
562	12	78	47	1021.6
563	10	79	43	1020.8
564	17	77	39	1020.7
565	17	74	40	1020.5
566	14	71	40	1020.3
567	13	70	43	1020
568	13	69	42	1020
569	12	65	42	1020.2
570	10	64	41	1020.3
571	13	63	38	1020.2
572	9	62	37	1020
573	14	61	37	1019.8
574	11	59	37	1019.6
575	12	59	38	1019.6
576	8	56	40	1019.4
577	10	56	40	1019
578	12	55	41	1018.4
579	13	56	41	1018.2
580	10	59	41	1018.4
581	11	63	41	1018.7
582	12	62	41	1018.7
583	14	63	42	1019
584	9	64	44	1018.9
585	12	70	49	1018.8
586	12	68	49	1019
587	14	63	55	1019.5
588	13	61	57	1019.6
589	13	60	57	1019.6
590	8	61	58	1019.8
591	8	61	58	1020
592	6	62	59	1020.2
593	7	62	58	1020.3
594	12	61	58	1021
595	13	57	55	1021.4
596	13	58	55	1021.4
597	10	57	53	1022.2
598	9	57	52	1023
599	12	56	52	1023.1
600	6	56	51	1023.2
601	6	56	50	1023.5
602	6	55	50	1023.6
603	6	55	50	1023.6
604	13	56	50	1024
605	9	56	48	1024.1
606	14	54	46	1024.6
607	12	54	47	1025.2
608	13	55	42	1025.7
609	15	55	41	1026.1
610	15	55	41	1026.1
611	16	55	40	1026.4
612	13	55	40	1026.9
613	14	55	40	1026.8
614	12	55	39	1026.8
615	15	55	39	1027
616	14	54	39	1027
617	14	54	40	1027
618	14	53	41	1027
619	14	52	43	1026.9
620	9	51	45	1027.1
621	12	51	46	1027.4
622	13	50	46	1026.9
623	13	50	45	1026.8
624	13	50	45	1026.8
625	13	50	46	1026.8
626	13	50	47	1027.1
627	10	50	48	1027.2
628	12	49	48	1027
629	12	49	48	1026.4
630	11	49	48	1026
631	12	49	48	1025.8
632	9	49	48	1025.6
633	14	49	48	1025.3
634	13	49	48	1025.4
635	10	48	48	1026
636	12	49	48	1025.9
637	15	48	48	1025.8
638	15	49	49	1025.8
639	14	50	49	1025.8
640	12	50	49	1025.7
641	12	50	50	1025.8
642	11	50	50	1025.6
643	12	51	50	1025.7
644	12	51	50	1025.7
645	15	50	50	1025.7
646	15	50	50	1025.7
647	15	50	50	1025.4
648	15	51	50	1024.8
649	14	50	50	1024.8
650	15	49	49	1024.8
651	14	49	48	1024.7
652	14	48	48	1024.9
653	14	48	48	1024.9
654	13	48	47	1024.8
655	13	47	47	1024.7
656	12	47	47	1024.4
657	14	47	46	1024
658	13	47	46	1023.7
659	13	46	45	1023.1
660	13	46	45	1023.1
661	10	46	46	1022.9
662	12	46	46	1022.7
663	10	46	46	1022.4
664	13	46	46	1022.2
665	14	46	46	1022.1
666	13	46	46	1022.1
667	13	46	46	1022.1
668	15	47	46	1022.1
669	14	47	46	1021.9
670	14	48	47	1021.5
671	14	48	46	1021.7
672	10	48	47	1021.5
673	11	48	46	1021.1
674	12	48	47	1021.1
675	13	48	47	1020.4
676	15	49	47	1019.6
677	16	48	46	1019.1
678	15	47	46	1019.2
679	15	47	46	1018.8
680	16	46	46	1018
681	16	47	46	1018
682	16	47	47	1017.8
683	16	47	47	1017.5
684	17	47	47	1016.8
685	17	47	46	1016
686	16	47	47	1015.6
687	19	46	46	1014.9
688	20	47	47	1014.9
689	18	47	46	1014.8
690	15	47	46	1014.7
691	18	47	47	1015
692	12	48	47	1016
693	9	49	48	1016.9
694	9	50	48	1017
695	9	50	49	1017
696	7	51	49	1017.6
697	10	53	50	1017.7
698	12	54	51	1018.1
699	14	54	51	1018.2
700	9	55	51	1018.6
701	8	54	52	1018.6
702	8	54	51	1018.6
703	7	53	51	1018.3
704	7	54	50	1018.7
705	6	54	50	1018.7
706	6	54	51	1018.7
707	6	55	51	1018.9
708	5	55	51	1018.8
709	3	55	50	1019.5
710	3	55	50	1019.5
711	6	55	50	1019.8
712	5	55	51	1020
713	5	55	51	1019.9
714	5	55	51	1019.8
715	6	54	51	1019.5
716	3	54	52	1019.1
717	3	54	51	1019.1
718	0	54	51	1018.9
719	3	53	52	1018.8
720	6	52	51	1018.5
721	5	52	51	1019
722	6	52	51	1019.4
723	7	52	52	1019.1
724	7	52	51	1019.1
725	6	52	51	1019.7
726	5	52	51	1019.5
727	8	52	51	1018.9
728	12	51	50	1019.9
729	14	50	50	1019.3
730	17	50	50	1018.3
731	17	50	50	1018.3
732	15	50	49	1016.9
733	10	49	48	1017.7
734	15	47	47	1017.2
735	12	47	47	1016.7
736	18	48	47	1015.4
737	21	46	46	1015.4
738	21	47	47	1015.4
739	17	47	47	1015.6
740	13	48	47	1016.1
741	10	49	48	1015.8
742	13	48	47	1015.6
743	12	48	47	1015.6
744	14	48	48	1015
745	14	48	48	1015
746	13	49	48	1014.8
747	14	49	49	1015.1
748	10	50	49	1015.4
749	14	50	49	1015.8
750	12	50	49	1016.4
751	13	52	50	1016.6
752	13	51	50	1016.6
753	12	52	50	1017.2
754	9	53	51	1017.7
755	12	54	51	1017.3
756	10	54	51	1017.5
757	8	54	51	1017.1
758	9	54	52	1016.7
759	9	54	51	1016.7
760	7	56	51	1016.4
761	9	55	51	1016.4
762	9	55	51	1016.4
763	9	56	50	1016.3
764	7	57	51	1015.7
765	6	54	50	1015.5
766	5	55	50	1015.1
767	5	55	50	1015.1
768	0	54	50	1015.4
769	3	55	51	1015.4
770	0	53	51	1014.7
771	0	54	52	1014.2
772	6	55	53	1013.6
773	9	55	54	1013
774	9	56	53	1013
775	7	56	53	1012.6
776	5	55	52	1011.9
777	8	55	52	1011.5
778	7	55	52	1011.2
779	7	56	53	1011
780	6	57	54	1010.5
781	6	58	54	1010.5
782	7	61	55	1010.1
783	5	62	57	1009.5
784	3	64	56	1008.7
785	8	62	57	1008
786	12	62	57	1007.2
787	13	61	55	1006.3
788	13	61	56	1006.3
789	12	60	57	1005.5
790	12	59	57	1004.7
791	10	58	57	1004.3
792	9	59	57	1004.4
793	12	57	55	1004.4
794	11	57	55	1004.3
795	12	58	56	1004.3
796	10	59	57	1003.7
797	10	57	56	1003.5
798	12	57	54	1003.1
799	10	56	54	1002.6
800	12	55	53	1002
801	9	54	54	1001.8
802	9	54	53	1001.8
803	10	55	53	1001.4
804	7	53	53	1001.3
805	10	55	53	1001.1
806	12	55	53	1001.2
807	13	58	53	1001.4
808	13	61	54	1001.2
809	13	60	54	1001.2
810	12	63	55	1001.3
811	13	65	55	1001
812	14	67	55	1001
813	13	69	56	1000.6
814	14	72	55	1000.2
815	17	73	54	999.8
816	17	73	53	999.8
817	15	73	53	999.4
818	14	72	53	999.4
819	9	72	53	999.4
820	9	74	54	999.1
821	16	73	52	999.2
822	10	72	52	999.6
823	13	72	52	1000.1
824	13	72	51	1000.1
825	14	69	53	1000.7
826	14	66	54	1001.5
827	10	62	55	1001.4
828	10	63	54	1001.1
829	8	62	54	1000.5
830	9	61	54	1000.1
831	9	60	53	1000.1
832	6	58	53	999.8
833	8	57	53	999.8
834	8	56	53	999.8
835	7	57	53	1000.1
836	5	57	54	1000.2
837	8	61	54	1000.5
838	8	60	54	1000.5
839	6	63	55	1000.7
840	5	65	56	1000.5
841	7	68	56	1000.4
842	0	71	57	1000
843	10	68	58	999.7
844	10	68	61	999.5
845	10	68	60	999.5
846	9	69	59	999.2
847	8	70	58	999.1
848	7	70	58	999.1
849	7	74	60	999
850	6	71	58	999.2
851	3	66	56	999.8
852	5	70	57	1000.6
853	5	70	58	1000.6
854	5	69	56	1000.9
855	6	69	54	1002
856	9	67	53	1002.3
857	9	65	54	1002.4
858	12	63	55	1003
859	8	61	55	1003
860	8	61	55	1003
861	8	61	54	1003.1
862	8	60	54	1003.7
863	6	59	54	1003.9
864	7	59	54	1004.4
865	7	61	54	1004.9
866	6	64	54	1005
867	6	64	53	1005
868	6	64	52	1005.1
869	5	65	53	1004.9
870	7	66	54	1004.7
871	5	68	53	1004.6
872	13	68	56	1004.4
873	14	63	54	1004.3
874	14	63	53	1004.3
875	10	61	53	1004.4
876	13	62	52	1004.5
877	12	59	54	1003.8
878	6	59	55	1003.7
879	9	58	56	1003.7
880	6	57	55	1003.7
881	6	57	56	1003.7
882	6	58	57	1004.3
883	9	58	58	1004
884	6	56	56	1003.3
885	9	56	56	1002.9
886	7	56	56	1003
887	9	56	56	1001.9
888	9	56	56	1001.9
889	14	56	56	1000.5
890	16	56	56	1000.2
891	11	56	56	1000.3
892	9	56	56	999.7
893	18	54	54	998
894	23	54	54	996.8
895	23	54	54	996.8
896	23	55	55	995.4
897	21	54	54	994.9
898	21	54	54	994.5
899	23	54	54	993.8
900	23	55	54	993.5
901	23	55	54	993.5
902	17	57	55	993.4
903	16	59	57	993.3
904	17	61	57	994
905	17	61	57	994.4
906	16	61	57	995.2
907	17	61	55	996
908	17	61	56	996
909	17	61	55	997.3
910	16	59	54	998.6
911	17	57	50	999.5
912	16	55	48	1000.3
913	14	54	48	1001.3
914	15	54	47	1001.6
915	16	54	41	1002
916	16	54	39	1002.7
917	18	52	39	1003.4
918	11	52	39	1004.5
919	11	52	39	1005.3
920	15	55	39	1006
921	15	55	40	1006
922	18	57	39	1006.5
923	18	63	37	1007.1
924	21	64	37	1007.5
925	22	66	39	1007.6
926	19	68	39	1007.4
927	11	70	43	1007.2
928	11	69	42	1007.2
929	21	70	39	1007.2
930	17	72	39	1006.9
931	18	72	39	1006.9
932	15	72	39	1006.9
933	17	70	41	1007.2
934	11	68	43	1008.2
935	11	68	43	1008.2
936	10	66	43	1009.1
937	14	64	43	1010.3
938	10	64	43	1011.4
939	9	63	43	1011.8
940	8	61	41	1012.5
941	9	59	39	1012.8
942	9	59	39	1012.8
943	7	55	39	1013.5
944	10	54	41	1014.4
945	9	54	37	1015.3
946	9	57	37	1015.9
947	11	61	36	1016
948	11	61	36	1016
949	10	64	36	1015.9
950	9	66	36	1015.5
951	8	66	36	1015.6
952	11	70	34	1015
953	15	72	37	1014.4
954	16	72	37	1014
955	10	72	36	1013.4
956	14	72	36	1012.9
957	14	72	36	1012.9
958	17	72	39	1012.9
959	16	72	37	1013.4
960	10	70	39	1013.5
961	10	70	40	1013.5
962	9	68	45	1013.7
963	15	66	50	1014.5
964	14	64	50	1015.2
965	13	63	52	1015.7
966	14	63	52	1016
967	13	61	52	1016
968	13	61	51	1016
969	8	59	52	1016.1
970	7	59	52	1015.7
971	9	59	52	1016
972	9	59	52	1016.5
973	6	57	52	1016.6
974	8	57	54	1016.7
975	8	58	54	1016.7
976	7	61	55	1016.9
977	8	63	55	1016.7
978	8	61	55	1016.9
979	7	61	55	1016.6
980	9	61	57	1016.5
981	10	59	54	1016.3
982	10	59	53	1016.3
983	8	57	54	1016
984	9	55	54	1015.6
985	10	55	54	1015
986	11	55	55	1014.2
987	13	55	54	1014.3
988	13	54	54	1014
989	13	54	54	1014
990	11	54	54	1013.9
991	13	54	54	1014
992	10	54	54	1013.6
993	13	54	54	1012.8
994	13	54	54	1012
995	9	54	54	1011.5
996	9	54	54	1010.6
997	9	53	53	1010.6
998	7	54	54	1009.6
999	9	54	54	1009.3
1000	7	54	54	1009.5
1001	8	54	54	1009.5
1002	7	55	55	1009.1
1003	8	55	55	1009.2
1004	8	55	55	1009.2
1005	9	55	55	1009.1
1006	7	55	55	1008.7
1007	6	57	57	1008.7
1008	6	57	57	1008.4
1009	3	59	57	1008.3
1010	0	59	57	1007.3
1011	0	59	58	1007.3
1012	0	59	57	1007.1
1013	8	57	57	1007
1014	6	55	55	1006.8
1015	5	55	55	1006.8
1016	5	55	55	1006.5
1017	5	55	55	1006.3
1018	5	55	55	1006.3
1019	5	57	57	1006.2
1020	10	61	61	1006.6
1021	10	61	59	1006.3
1022	10	61	59	1006
1023	16	61	57	1006.2
1024	16	61	58	1006.2
1025	15	61	55	1007
1026	10	59	55	1007
1027	16	59	54	1007.7
1028	15	59	54	1008.3
1029	13	61	54	1009
1030	15	63	55	1009.6
1031	15	63	55	1009.6
1032	16	66	55	1009.7
1033	16	70	55	1010.3
1034	16	73	55	1010.7
1035	14	75	55	1011.2
1036	13	75	55	1011.5
1037	6	77	54	1011.6
1038	6	77	54	1011.6
1039	10	79	55	1011.6
1040	8	79	55	1011.7
1041	7	79	54	1012.3
1042	7	81	54	1012.4
1043	8	79	54	1013
1044	6	77	54	1013.7
1045	6	77	54	1013.7
1046	7	73	55	1014.1
1047	9	70	57	1014.7
1048	8	68	57	1015.5
1049	11	70	57	1015.8
1050	7	66	57	1015.7
1051	5	63	57	1015.9
1052	5	63	58	1015.9
1053	7	63	57	1015.7
1054	7	61	57	1015.5
1055	6	61	57	1016
1056	5	61	57	1016.3
1057	8	63	57	1016.7
1058	6	66	59	1016.4
1059	6	66	59	1016.4
1060	8	66	61	1016.2
1061	9	66	61	1016.5
1062	7	64	63	1015.4
1063	8	66	63	1016
1064	6	66	63	1015.6
1065	3	66	63	1015.2
1066	3	66	63	1015.2
1067	7	64	63	1015.4
1068	6	64	63	1015.1
1069	7	66	63	1015.2
1070	3	63	61	1014.6
1071	5	61	61	1013.7
1072	3	61	61	1013
1073	6	59	59	1012.9
1074	6	59	59	1012.9
1075	5	59	59	1012.8
1076	6	59	59	1012.2
1077	6	59	59	1012.1
1078	5	59	59	1011.6
1079	7	59	59	1011.4
1080	5	57	57	1011.3
1081	5	58	58	1011.3
1082	6	57	57	1010.6
1083	6	57	57	1010.4
1084	8	57	57	1010.8
1085	8	57	57	1011.4
1086	5	57	57	1012.1
1087	8	57	57	1012.2
1088	8	56	56	1012.2
1089	8	57	57	1012.3
1090	8	61	57	1012.6
1091	7	61	59	1012.9
1092	6	63	61	1012.9
1093	11	63	61	1013
1094	13	63	61	1013
1095	13	63	60	1013
1096	10	61	57	1013.1
1097	9	61	57	1013.1
1098	16	57	55	1013.5
1099	15	55	55	1013.6
1100	10	55	55	1013.6
1101	10	55	55	1014.2
1102	10	55	55	1014.2
1103	7	55	55	1014.5
1104	7	57	55	1014.6
1105	6	57	55	1014.2
1106	3	57	55	1014.3
1107	3	57	55	1013.7
1108	3	55	55	1013.3
1109	3	56	56	1013.3
1110	5	57	55	1012.8
1111	7	55	55	1012
1112	6	55	55	1012
1113	5	55	55	1011.8
1114	8	55	55	1011.1
1115	9	57	55	1010.9
1116	9	57	56	1010.9
1117	6	57	57	1011.8
1118	9	57	57	1012
1119	10	57	55	1011.9
1120	9	57	55	1011.3
1121	7	59	55	1010.8
1122	8	59	55	1010.1
1123	8	59	56	1010.1
1124	9	59	55	1009.9
1125	8	61	55	1009.6
1126	8	61	55	1008.9
1127	7	61	55	1008.8
1128	5	59	55	1008.6
1129	5	57	55	1008.8
1130	5	57	56	1008.8
1131	5	61	57	1008.8
1132	14	63	59	1009.2
1133	11	61	59	1009.3
1134	14	61	59	1009.5
1135	14	61	59	1010
1136	11	61	57	1009.9
1137	11	60	58	1009.9
1138	14	59	57	1010.4
1139	10	59	57	1010.6
1140	16	63	55	1011.3
1141	14	63	55	1012.5
1142	13	64	54	1013.4
1143	15	64	54	1014.7
1144	15	65	53	1014.7
1145	13	66	52	1014.7
1146	13	68	52	1015.2
1147	14	72	54	1015
1148	11	73	54	1015.2
1149	10	73	54	1014.7
1150	7	75	54	1014.1
1151	7	76	53	1014.1
1152	13	77	52	1014.2
1153	8	79	54	1014.5
1154	14	79	54	1014.8
1155	7	79	54	1014.6
1156	11	77	50	1015.1
1157	8	75	48	1015.6
1158	8	76	49	1015.6
1159	5	73	48	1015.9
1160	0	72	52	1016.7
1161	5	64	55	1016.4
1162	5	63	55	1016.7
1163	9	66	57	1016.9
1164	8	64	57	1016.5
1165	8	65	57	1016.5
1166	7	64	57	1016.4
1167	3	61	57	1016.2
1168	5	59	57	1016.1
1169	9	61	57	1016.1
1170	3	63	57	1016
1171	11	66	59	1015.8
1172	11	66	59	1015.8
1173	11	70	63	1015.7
1174	13	72	63	1014.8
1175	15	72	63	1014.2
1176	14	73	66	1013.7
1177	19	75	64	1012.9
1178	16	73	64	1012.2
1179	16	74	65	1012.2
1180	16	70	66	1012.3
1181	11	70	70	1011.3
1182	11	70	70	1010.9
1183	11	70	70	1010.3
1184	9	70	70	1010.4
1185	10	68	68	1010.2
1186	10	68	68	1010.2
1187	9	68	68	1010.3
1188	7	66	66	1010.6
1189	9	66	66	1010.2
1190	9	66	66	1010.3
1191	10	68	66	1010.6
1192	9	68	66	1010.4
1193	9	68	67	1010.4
1194	6	66	66	1010.5
1195	7	68	66	1010.5
1196	8	70	66	1010.9
1197	6	70	66	1011.7
1198	7	72	66	1012.3
1199	5	72	66	1012.9
1200	5	71	67	1012.9
1201	8	70	64	1013.5
1202	14	66	63	1014.7
1203	14	64	57	1015.4
1204	9	63	57	1016
1205	11	63	57	1015.8
1206	11	63	58	1015.8
1207	8	63	57	1015.9
1208	8	63	55	1015.9
1209	9	64	55	1015.8
1210	7	63	55	1015.4
1211	7	63	55	1015.5
1212	7	61	57	1015.8
1213	7	60	57	1015.8
1214	5	61	55	1016.3
1215	5	61	57	1016.8
1216	5	61	57	1016.6
1217	0	61	57	1017.1
1218	6	61	59	1017.2
1219	5	61	59	1016.9
1220	5	60	59	1016.9
1221	3	59	59	1016.8
1222	3	59	57	1017
1223	8	57	57	1016.9
1224	7	57	57	1017.2
1225	8	57	57	1017.6
1226	9	59	57	1017.9
1227	9	59	58	1017.9
1228	11	57	57	1018.5
1229	9	57	57	1019
1230	11	57	57	1019
1231	9	57	55	1019.1
1232	10	57	55	1018.6
1233	11	57	55	1018.1
1234	11	57	55	1018.1
1235	14	57	55	1017.6
1236	10	55	55	1017.4
1237	11	55	55	1016.9
1238	13	55	55	1016.2
1239	11	55	55	1015.8
1240	10	55	55	1015.7
1241	10	55	55	1015.7
1242	9	55	55	1015.4
1243	13	55	55	1015.1
1244	11	55	55	1014.8
1245	9	55	55	1014.2
1246	11	55	55	1013.7
1247	8	55	55	1012.9
1248	8	55	55	1012.9
1249	7	55	55	1012.1
1250	7	55	55	1011.4
1251	5	55	55	1010.9
1252	8	55	55	1010.9
1253	9	55	55	1010.9
1254	7	57	57	1010.9
1255	7	57	57	1010.9
1256	7	57	57	1010.8
1257	8	59	57	1010.8
1258	8	61	59	1010.8
1259	7	63	59	1010.3
1260	8	66	61	1010.2
1261	3	68	63	1009.2
1262	3	68	62	1009.2
1263	11	70	63	1008.8
1264	11	68	63	1008.8
1265	10	61	57	1009.8
1266	9	61	57	1009.6
1267	8	61	57	1010.1
1268	6	61	57	1010.4
1269	6	61	58	1010.4
1270	7	59	57	1011
1271	6	57	57	1011.4
1272	0	59	57	1011.8
1273	0	61	57	1011.9
1274	0	57	57	1012
1275	0	57	55	1011.8
1276	0	58	56	1011.8
1277	0	57	55	1011.6
1278	0	55	55	1011.7
1279	3	55	55	1011.8
1280	0	55	55	1012
1281	3	57	57	1012.4
1282	5	63	59	1012.9
1283	5	62	59	1012.9
1284	8	64	61	1013.1
1285	10	63	61	1013.1
1286	10	64	61	1013.2
1287	7	63	59	1013.2
1288	13	64	61	1013.1
1289	9	66	61	1012.7
1290	9	67	60	1012.7
1291	9	68	61	1012.6
1292	10	72	63	1012.7
1293	7	72	61	1012.6
1294	6	66	61	1013.1
1295	3	64	61	1014.4
1296	6	64	59	1015.2
1297	6	64	59	1015.2
1298	8	64	57	1016
1299	16	61	57	1017.8
1300	14	55	55	1019.5
1301	10	55	55	1020.3
1302	11	55	54	1020.9
1303	8	55	52	1021.4
1304	8	55	52	1021.4
1305	7	54	52	1021.9
1306	7	54	52	1022.2
1307	10	54	52	1022.8
1308	8	54	52	1023.5
1309	13	55	50	1024.1
1310	11	57	52	1024.9
1311	11	58	51	1024.9
1312	16	55	52	1025.6
1313	14	57	48	1026
1314	13	57	48	1026.7
1315	14	57	48	1027
1316	11	57	52	1027.2
1317	10	57	48	1027.3
1318	10	58	49	1027.3
1319	11	57	48	1027.4
1320	11	57	48	1027
1321	10	57	48	1026.9
1322	10	57	48	1026.9
1323	8	55	48	1026.5
1324	6	54	48	1026.4
1325	6	54	49	1026.4
1326	8	54	48	1026.4
1327	9	54	48	1026.9
1328	10	52	48	1026.8
1329	9	52	48	1026.9
1330	7	52	48	1027
1331	7	52	48	1026.9
1332	7	51	49	1026.9
1333	8	52	50	1026.8
1334	11	50	48	1026.6
1335	8	50	48	1026.5
1336	7	50	50	1026.7
1337	8	52	50	1026.6
1338	8	54	50	1026.7
1339	8	53	50	1026.7
1340	7	57	52	1026.5
1341	3	61	54	1025.8
1342	7	63	54	1025.3
1343	11	63	55	1024.8
1344	11	63	55	1024
1345	9	66	55	1023.1
1346	9	66	56	1023.1
1347	10	68	55	1022.6
1348	8	70	55	1021.8
1349	14	73	52	1021.1
1350	14	72	52	1020.7
1351	16	68	45	1020.6
1352	16	64	48	1020.6
1353	16	64	49	1020.6
1354	14	63	52	1020.7
1355	14	61	54	1020.8
1356	11	59	54	1020.7
1357	13	57	54	1020.7
1358	11	57	54	1020
1359	15	57	54	1019.7
1360	15	57	54	1019.7
1361	10	57	54	1019.4
1362	10	57	54	1019
1363	7	57	55	1018.6
1364	8	57	55	1018.6
1365	6	61	55	1018.5
1366	8	61	57	1018.5
1367	8	60	57	1018.5
1368	6	61	59	1017.7
1369	7	61	61	1017.2
1370	6	61	61	1016.5
1371	5	63	63	1015.8
1372	14	64	64	1015
1373	14	64	64	1015
1374	14	64	64	1014.6
1375	16	64	63	1014
1376	13	66	64	1013.4
1377	15	66	64	1012.8
1378	11	66	64	1012.6
1379	10	66	63	1012.4
1380	10	66	63	1012.4
1381	9	64	64	1011.9
1382	7	64	64	1012.1
1383	6	64	64	1011.7
1384	5	63	63	1011.2
1385	5	64	64	1010.6
1386	5	64	64	1010.5
1387	5	65	64	1010.5
1388	5	64	64	1010
1389	5	64	64	1009.7
1390	0	64	63	1009.3
1391	5	63	63	1009.4
1392	6	64	64	1009.4
1393	3	66	64	1009.5
1394	3	66	64	1009.5
1395	0	68	64	1009.4
1396	3	68	64	1009.3
1397	8	72	72	1009
1398	8	72	63	1008.9
1399	8	73	63	1008.2
1400	8	73	63	1007.8
1401	8	74	63	1007.8
1402	6	73	63	1007.6
1403	8	74	63	1007.6
1404	6	73	63	1007.3
1405	3	73	63	1007.1
1406	8	74	63	1007.8
1407	6	70	64	1007.2
1408	5	70	64	1007.3
1409	3	68	63	1007.6
1410	3	68	62	1007.6
1411	0	64	63	1007.4
1412	6	64	63	1007.8
1413	0	64	61	1007.8
1414	5	64	61	1008.1
1415	0	61	61	1008
1416	0	61	61	1008.2
1417	0	61	60	1008.2
1418	9	63	63	1008.8
1419	16	63	63	1009.2
1420	14	64	59	1009.6
1421	9	64	57	1010.4
1422	11	66	59	1011.3
1423	13	66	61	1012.1
1424	13	67	60	1012.1
1425	13	66	59	1012.8
1426	11	66	57	1013.7
1427	11	68	57	1013.9
1428	11	70	59	1014.1
1429	11	68	57	1014.2
1430	10	68	59	1014.3
1431	10	68	59	1014.3
1432	9	66	59	1014.2
1433	9	66	57	1014.1
1434	8	66	57	1014.1
1435	7	66	55	1014
1436	6	64	54	1014
1437	5	63	54	1013.8
1438	5	63	53	1013.8
1439	0	63	54	1014.1
1440	0	63	54	1014.2
1441	0	63	54	1014.2
1442	0	61	54	1013.9
1443	0	61	55	1013.9
1444	0	59	55	1014.2
1445	0	59	55	1014.2
1446	3	61	55	1013.9
1447	0	59	55	1013.9
1448	3	59	57	1014.2
1449	5	57	57	1013.8
1450	0	59	55	1014.2
1451	7	63	55	1014.1
1452	5	66	57	1014.4
1453	5	66	57	1014.4
1454	7	63	55	1013.8
1455	5	63	55	1013.7
1456	8	64	55	1013.4
1457	9	63	55	1013
1458	7	63	55	1012.5
1459	7	63	55	1012.5
1460	3	63	55	1012.3
1461	8	63	55	1011.3
1462	7	61	55	1010.9
1463	7	61	55	1011
1464	10	61	55	1010.4
1465	8	61	57	1010.3
1466	8	61	58	1010.3
1467	3	61	57	1010.4
1468	9	59	57	1010.7
1469	11	59	59	1010.2
1470	11	59	59	1009.7
1471	14	59	59	1009.2
1472	13	59	57	1008.8
1473	13	59	58	1008.8
1474	11	59	57	1008.5
1475	10	59	57	1008.2
1476	10	61	57	1007.9
1477	8	59	57	1008.2
1478	10	59	57	1008.3
1479	14	59	57	1008.4
1480	14	59	57	1008.4
1481	13	57	57	1008.3
1482	14	57	57	1008.3
1483	11	61	57	1008
1484	14	59	59	1007.3
1485	15	59	59	1007.4
1486	14	59	59	1007.3
1487	11	57	57	1007
1488	17	57	57	1007.5
1489	15	57	57	1007.4
1490	9	57	57	1006.6
1491	9	57	57	1006.7
1492	10	57	57	1006.7
1493	11	57	57	1006.5
1494	11	57	57	1006.9
1495	11	58	58	1006.9
1496	10	57	57	1006.8
1497	8	59	57	1007
1498	8	57	57	1006.9
1499	5	57	57	1007.3
1500	0	57	57	1006.8
1501	6	57	57	1006.1
1502	6	58	58	1006.1
1503	5	59	57	1006.1
1504	6	58	57	1006.1
1505	0	59	59	1006.3
1506	6	61	59	1006.7
1507	5	61	59	1006.8
1508	8	61	59	1006.9
1509	10	63	61	1007.7
1510	10	62	60	1007.7
1511	6	63	61	1008
1512	10	61	61	1008.3
1513	9	59	59	1008.9
1514	10	61	59	1009
1515	7	61	61	1009.2
1516	6	64	63	1009.2
1517	6	65	62	1009.2
1518	8	66	63	1009.3
1519	8	66	63	1009.4
1520	9	63	59	1009.6
1521	6	61	57	1010
1522	8	59	57	1011.2
1523	8	59	58	1011.2
1524	5	59	57	1012
1525	16	59	57	1012
1526	0	59	59	1012.2
1527	3	59	59	1012.3
1528	5	57	57	1012.7
1529	3	59	59	1012.6
1530	0	59	59	1012.9
1531	0	59	59	1012.9
1532	0	59	59	1012.7
1533	6	61	59	1012.6
1534	0	57	57	1012.8
1535	0	61	61	1013.1
1536	0	63	63	1013.7
1537	0	64	63	1013.8
1538	0	65	63	1013.8
1539	0	70	64	1014.4
1540	5	72	66	1014.2
1541	7	73	68	1014.7
1542	7	73	68	1014.7
1543	8	79	68	1014.7
1544	8	75	66	1014.5
1545	8	76	67	1014.5
1546	9	75	66	1014.2
1547	9	75	64	1014
1548	11	77	63	1013.9
1549	11	75	63	1013.6
1550	10	75	64	1013.3
1551	8	72	64	1013.5
1552	8	71	65	1013.5
1553	11	75	70	1013.7
1554	8	73	66	1014.3
1555	7	72	66	1014.2
1556	8	70	64	1013.9
1557	8	72	66	1013.6
1558	9	70	66	1013.4
1559	3	66	66	1013.6
1560	3	66	64	1013.5
1561	9	70	66	1013
1562	0	64	64	1013.9
1563	5	70	68	1014.1
1564	5	77	68	1014.3
1565	5	77	68	1014.3
1566	0	79	70	1013.9
1567	7	84	66	1013.7
1568	8	88	64	1013.5
1569	7	88	72	1012.9
1570	10	84	70	1012.3
1571	8	88	70	1011.4
1572	8	87	70	1011.4
1573	8	90	68	1011
1574	6	82	70	1011
1575	7	84	68	1010.5
1576	5	88	66	1010.3
1577	3	82	70	1010.4
1578	7	88	66	1010.3
1579	7	88	67	1010.3
1580	7	88	68	1010.4
1581	7	86	66	1010.8
1582	8	84	66	1010.5
1583	8	82	66	1010.4
1584	6	82	66	1010.3
1585	7	81	68	1010.3
1586	7	81	68	1010.3
1587	5	81	70	1010.1
1588	6	79	70	1009.9
1589	8	79	70	1010.1
1590	8	79	70	1010.4
1591	7	81	70	1010.7
1592	5	82	72	1010.8
1593	5	83	71	1010.8
1594	6	84	72	1010.6
1595	8	82	73	1010.5
1596	8	84	73	1010.6
1597	10	82	73	1010.5
1598	10	82	73	1010.5
1599	10	81	72	1009.7
1600	10	81	72	1009.7
1601	8	81	70	1009.5
1602	10	82	70	1009.2
1603	7	84	73	1008.9
1604	5	82	73	1008.7
1605	3	81	72	1008.5
1606	6	79	72	1008.7
1607	6	79	71	1008.7
1608	6	75	72	1008.7
1609	6	81	72	1008.9
1610	8	79	72	1008.8
1611	9	79	72	1008.6
1612	7	75	70	1008.4
1613	5	75	72	1008.1
1614	5	75	71	1008.1
1615	3	73	72	1007.8
1616	6	73	72	1007.6
1617	6	73	72	1007.8
1618	6	73	72	1007.9
1619	7	75	72	1008
1620	3	79	73	1008.1
1621	3	78	73	1008.1
1622	7	82	73	1007.9
1623	8	82	75	1007.7
1624	9	84	75	1007.4
1625	8	84	75	1007
1626	9	88	75	1006.6
1627	16	90	75	1006.4
1628	16	90	75	1006.4
1629	15	90	75	1006
1630	10	90	75	1005.8
1631	16	93	70	1006
1632	10	75	70	1006.3
1633	3	75	68	1006.6
1634	6	81	72	1007
1635	6	80	71	1007
1636	3	79	72	1007.6
1637	16	84	70	1008.6
1638	15	82	66	1009.2
1639	11	81	66	1009.7
1640	13	75	66	1010.4
1641	9	75	63	1011.2
1642	9	75	62	1011.2
1643	14	73	57	1011.7
1644	13	72	54	1011.6
1645	10	70	54	1012.6
1646	13	70	55	1013.8
1647	10	70	55	1014.8
1648	10	70	55	1015.6
1649	10	70	56	1015.6
1650	8	72	57	1016.2
1651	9	75	59	1016.6
1652	9	75	61	1016.8
1653	5	79	59	1016.5
1654	9	77	61	1016.5
1655	10	75	61	1016.8
1656	10	76	60	1016.8
1657	9	77	63	1016.9
1658	10	79	61	1017
1659	9	75	61	1017.3
1660	10	73	61	1017.5
1661	8	77	63	1017.9
1662	8	77	63	1018.3
1663	8	77	62	1018.3
1664	10	73	63	1018.9
1665	8	72	64	1019.6
1666	7	72	64	1019.8
1667	7	70	63	1020.1
1668	9	70	63	1020.3
1669	9	68	63	1020.3
1670	9	68	62	1020.3
1671	7	66	61	1020.3
1672	5	66	61	1020.3
1673	6	64	63	1020.6
1674	7	66	61	1020.8
1675	6	66	63	1021.2
1676	6	68	63	1021.6
1677	6	68	63	1021.6
1678	7	70	63	1021.9
1679	6	73	64	1021.7
1680	3	73	64	1021.6
1681	9	73	68	1022.2
1682	13	81	64	1021.6
1683	10	79	63	1021.2
1684	10	78	62	1021.2
1685	10	79	64	1021
1686	11	81	63	1020.4
1687	13	81	63	1020.1
1688	14	79	63	1019.7
1689	14	77	63	1019.8
1690	11	75	57	1020.1
1691	11	75	57	1020.1
1692	13	72	57	1019.9
1693	11	72	59	1019.9
1694	13	72	57	1019.9
1695	13	70	57	1019.6
1696	10	68	59	1019.7
1697	11	68	61	1019.2
1698	11	68	61	1019.2
1699	9	66	63	1018.8
1700	11	66	64	1018.4
1701	8	66	64	1018.6
1702	5	66	66	1018.6
1703	9	70	66	1019
1704	9	73	70	1018.9
1705	9	73	69	1018.9
1706	5	73	68	1019.3
1707	9	77	70	1018.5
1708	8	81	72	1017.8
1709	11	82	72	1017.5
1710	13	84	70	1017.1
1711	11	84	70	1016.4
1712	11	85	69	1016.4
1713	11	84	66	1015.9
1714	14	84	66	1015.6
1715	13	82	66	1015.8
1716	16	82	66	1015.8
1717	10	79	66	1015.8
1718	13	79	64	1016.1
1719	13	78	64	1016.1
1720	10	77	61	1016.6
1721	14	75	61	1017.3
1722	10	73	57	1017.6
1723	11	73	57	1018.2
1724	11	72	57	1018.3
1725	9	70	59	1018.1
1726	9	70	59	1018.1
1727	7	68	59	1018.1
1728	5	66	59	1018.2
1729	3	64	57	1018.4
1730	6	66	59	1018.5
1731	8	70	57	1018.7
1732	6	73	59	1018.9
1733	6	73	59	1018.9
1734	8	75	59	1018.9
1735	5	77	57	1018.9
1736	3	79	61	1018.7
1737	10	79	57	1018.1
1738	13	75	61	1017.8
1739	9	77	61	1017
1740	9	77	61	1017
1741	13	73	63	1016.6
1742	10	75	64	1016.1
1743	8	79	63	1015.6
1744	14	82	57	1015
1745	10	81	55	1014.7
1746	14	75	63	1014.9
1747	14	76	62	1014.9
1748	10	73	63	1015.3
1749	10	73	61	1015.7
1750	11	72	61	1015.6
1751	8	70	61	1015.5
1752	8	68	61	1015.2
1753	9	68	61	1014.8
1754	9	68	60	1014.8
1755	6	66	61	1015
1756	0	66	61	1015.1
1757	8	66	61	1015.2
1758	9	66	59	1015.4
1759	5	70	59	1015.7
1760	6	73	61	1015.6
1761	6	73	60	1015.6
1762	0	77	61	1015.7
1763	7	77	63	1015.5
1764	8	79	61	1015.8
1765	14	77	61	1015.7
1766	14	73	63	1015.3
1767	11	73	63	1015.1
1768	11	74	63	1015.1
1769	9	75	64	1014.6
1770	13	75	64	1013.8
1771	15	75	64	1013.5
1772	9	75	66	1012.8
1773	13	79	61	1013.1
1774	13	75	61	1013.3
1775	13	76	60	1013.3
1776	11	73	63	1013.5
1777	9	72	63	1013.6
1778	9	72	63	1013.5
1779	9	70	63	1013.2
1780	10	68	63	1012.8
1781	9	70	63	1012.8
1782	9	69	63	1012.8
1783	9	70	63	1012.8
1784	8	72	63	1012.8
1785	6	68	63	1013
1786	11	70	63	1013
1787	11	72	61	1013.2
1788	11	73	61	1013
1789	11	74	61	1013
1790	14	79	57	1012.8
1791	17	79	61	1013.6
1792	19	79	64	1013.6
1793	18	81	64	1013.5
1794	14	81	64	1012.9
1795	15	81	66	1012.6
1796	15	81	67	1012.6
1797	14	81	68	1012.3
1798	13	81	70	1012
1799	16	75	70	1011.8
1800	10	72	68	1011.8
1801	6	70	70	1011.4
1802	6	68	68	1011
1803	6	68	68	1011
1804	7	66	66	1011.1
1805	7	66	66	1011.2
1806	0	66	66	1010.9
1807	6	68	68	1010.9
1808	6	70	70	1010.6
1809	6	70	68	1010.2
1810	6	69	68	1010.2
1811	7	70	68	1010.1
1812	11	69	68	1010.1
1813	6	68	68	1010.1
1814	6	68	68	1010
1815	6	69	68	1010.2
1816	6	70	66	1010.1
1817	6	70	68	1010.5
1818	8	72	68	1010.4
1819	8	71	68	1010.4
1820	3	73	70	1010.4
1821	3	77	70	1010
1822	7	79	72	1009.5
1823	10	81	73	1009.1
1824	10	81	72	1008.8
1825	11	82	72	1008.2
1826	11	82	72	1008.2
1827	9	82	72	1008.4
1828	13	82	72	1007.6
1829	7	82	72	1007.2
1830	5	86	68	1006.9
1831	11	88	70	1007
1832	14	82	73	1007.2
1833	14	83	74	1007.2
1834	8	81	75	1007.5
1835	11	81	73	1008.1
1836	13	81	73	1008.1
1837	9	79	73	1008
1838	8	79	72	1008.1
1839	8	78	72	1008.1
1840	9	77	72	1008
1841	9	77	70	1008.1
1842	8	75	70	1008.3
1843	8	75	70	1008.4
1844	7	77	70	1008.6
1845	7	81	72	1008.3
1846	7	80	71	1008.3
1847	10	84	72	1008.2
1848	11	84	72	1007.7
1849	13	88	72	1007.5
1850	11	90	72	1007.2
1851	15	91	72	1007.2
1852	17	93	72	1006.8
1853	17	93	72	1006.8
1854	15	91	72	1006.9
1855	16	91	72	1006.7
1856	11	91	70	1006.2
1857	19	90	70	1006.2
1858	15	90	70	1006.4
1859	14	88	72	1006.8
1860	14	87	71	1006.8
1861	13	84	72	1007.1
1862	14	84	72	1007.1
1863	11	84	73	1007.3
1864	8	82	72	1007.3
1865	9	82	72	1007.6
1866	11	82	70	1007.9
1867	10	81	70	1007.5
1868	10	81	69	1007.5
1869	8	81	70	1007.4
1870	7	79	70	1007.6
1871	7	79	70	1007.8
1872	6	79	70	1008.1
1873	10	79	72	1008.6
1874	11	81	72	1009
1875	11	80	71	1009
1876	14	82	70	1009
1877	11	84	70	1009.3
1878	8	88	68	1009.2
1879	10	90	63	1008.9
1880	7	90	64	1008.6
1881	11	90	61	1008.6
1882	11	89	61	1008.6
1883	17	91	61	1008.6
1884	11	91	61	1009
1885	16	91	59	1008.8
1886	11	91	61	1009
1887	13	90	57	1009.4
1888	11	88	61	1010.1
1889	13	84	64	1010.8
1890	9	84	64	1011.6
1891	3	81	63	1014.1
1892	7	82	64	1011.9
1893	8	81	64	1012.1
1894	7	81	66	1012.5
1895	8	79	64	1012.5
1896	5	75	66	1012.8
1897	6	75	64	1012.8
1898	0	72	64	1013.4
1899	0	70	64	1013.8
1900	3	77	64	1014.1
1901	3	81	63	1014.1
1902	3	81	63	1014.1
1903	6	79	64	1014.3
1904	7	75	64	1014.2
1905	10	79	63	1014.2
1906	10	79	64	1014
1907	11	79	66	1013.8
1908	13	77	66	1013.5
1909	13	77	67	1013.5
1910	13	75	70	1013
1911	14	77	70	1012.6
1912	14	73	70	1012
1913	10	72	70	1011.9
1914	7	72	70	1011.8
1915	6	72	70	1012.1
1916	6	72	69	1012.1
1917	3	72	68	1012.1
1918	3	72	70	1012.4
1919	3	72	70	1012.2
1920	3	70	66	1011.8
1921	6	70	68	1011.4
1922	5	72	70	1011
1923	5	72	70	1011
1924	6	72	72	1010.9
1925	7	70	70	1010.7
1926	6	73	72	1010.9
1927	0	72	70	1010.8
1928	5	75	72	1010.8
1929	6	79	72	1010.9
1930	6	78	72	1010.9
1931	10	81	72	1010.7
1932	9	84	72	1010.2
1933	8	86	70	1010.1
1934	10	90	72	1010
1935	8	86	72	1010
1936	8	90	72	1009.7
1937	8	89	71	1009.7
1938	13	90	70	1009
1939	11	90	70	1008.6
1940	13	90	68	1007.9
1941	16	88	68	1008.1
1942	13	86	70	1007.9
1943	10	84	70	1007.7
1944	10	85	70	1007.7
1945	13	82	72	1007.8
1946	15	82	72	1008.5
1947	13	81	72	1008.8
1948	11	81	72	1008.9
1949	7	77	72	1008.9
1950	9	79	64	1009.1
1951	9	79	65	1009.1
1952	10	79	59	1009.3
1953	9	75	59	1009.6
1954	7	75	57	1009.8
1955	8	75	57	1010.4
1956	7	75	57	1010.8
1957	8	77	57	1010.7
1958	8	77	58	1010.7
1959	9	79	57	1011.3
1960	8	81	61	1011
1961	8	77	58	1010.7
1962	7	77	63	1011.6
1963	11	75	64	1012.1
1964	11	73	70	1012.8
1965	8	66	64	1012.8
1966	8	67	65	1012.8
1967	9	68	64	1013.5
1968	7	70	63	1012.7
1969	9	68	63	1012.9
1970	7	70	64	1013
1971	7	70	63	1013.2
1972	0	70	63	1013.5
1973	0	69	63	1013.5
1974	3	66	63	1013.8
1975	8	64	63	1015
1976	6	64	63	1015.3
1977	3	64	64	1015.6
1978	8	66	64	1015.4
1979	0	66	63	1015.5
1980	0	66	63	1015.5
1981	0	61	61	1015.7
1982	0	61	61	1015.8
1983	0	61	61	1016.4
1984	6	63	63	1017.5
1985	7	64	63	1017.4
1986	10	66	59	1017.9
1987	10	66	59	1017.9
1988	13	70	55	1018.3
1989	14	70	57	1018.7
1990	13	70	61	1018.9
1991	15	72	61	1019
1992	11	72	61	1018.7
1993	14	72	61	1018
1994	14	72	61	1018
1995	15	72	61	1017.4
1996	13	72	63	1017
1997	13	70	63	1016.6
1998	11	66	63	1016.4
1999	10	66	63	1016.3
2000	10	64	63	1015.9
2001	10	65	62	1015.9
2002	7	64	63	1016.1
2003	7	64	63	1016.4
2004	8	64	63	1015.7
2005	7	64	63	1015.5
2006	9	65	64	1013.8
2007	8	64	64	1014.5
2008	9	64	64	1013.8
2009	9	65	64	1013.8
2010	8	64	64	1012.9
2011	9	64	63	1012.4
2012	9	64	63	1012
2013	9	63	63	1011.4
2014	10	63	63	1011.4
2015	13	63	63	1011.4
2016	13	64	64	1010.4
2017	10	64	64	1010.4
2018	11	64	64	1010.4
2019	9	64	64	1010.4
2020	8	64	64	1010.4
2021	9	64	64	1010.4
2022	8	64	64	1008.4
2023	8	65	65	1008.4
2024	8	65	65	1008.4
2025	8	65	65	1008.3
2026	9	65	65	1008.3
2027	13	65	65	1008.3
2028	11	61	61	1008.3
2029	10	61	61	1009
2030	9	61	61	1009.7
2031	9	60	60	1009.7
2032	7	61	61	1010
2033	3	61	61	1010.3
2034	6	59	59	1010
2035	5	59	59	1010.1
2036	6	61	61	1009.9
2037	3	59	59	1010.3
2038	3	59	59	1010.3
2039	3	59	59	1010.3
2040	3	59	59	1010.4
2041	0	59	59	1010.6
2042	6	59	59	1010.8
2043	5	59	59	1011
2044	5	59	59	1011
2045	5	59	59	1011
2046	5	59	59	1011
2047	5	64	64	1011.7
2048	6	72	66	1011.4
2049	8	73	68	1011.1
2050	18	82	63	1010.4
2051	19	84	61	1010
2052	19	85	61	1010
2053	18	84	61	1010
2054	19	84	59	1009.9
2055	17	84	61	1010
2056	19	82	63	1010
2057	18	79	64	1010.6
2058	15	79	64	1011.2
2059	15	78	64	1011.2
2060	11	73	64	1012
2061	11	72	64	1012.8
2062	9	72	64	1013.2
2063	9	70	64	1013.5
2064	9	70	66	1013.6
2065	8	68	66	1013.7
2066	8	68	67	1013.7
2067	9	70	66	1013.7
2068	10	70	66	1013.9
2069	5	66	66	1014.6
2070	5	66	66	1015.3
2071	3	68	66	1015.5
2072	6	72	61	1016.1
2073	6	72	61	1016.1
2074	6	75	61	1016.2
2075	3	77	61	1016.3
2076	8	75	63	1016.8
2077	7	81	63	1016.8
2078	7	81	64	1016.4
2079	10	82	63	1016.1
2080	10	82	63	1016.1
2081	17	84	61	1016.2
2082	10	82	63	1016.1
2083	13	82	61	1016.5
2084	13	82	59	1016.6
2085	13	82	61	1016.5
2086	11	81	61	1017.3
2087	11	79	61	1017.9
2088	11	78	60	1017.9
2089	11	75	59	1018.9
2090	11	75	61	1020
2091	11	73	61	1020.5
2092	10	72	61	1020.9
2093	8	72	61	1021.2
2094	8	70	61	1021.5
2095	8	70	60	1021.5
2096	7	70	61	1021.6
2097	6	68	61	1021.8
2098	5	66	61	1022.5
2099	6	64	63	1022.9
2100	5	66	61	1023.2
2101	3	70	61	1023.7
2102	3	70	61	1023.7
2103	0	72	61	1023.8
2104	3	72	64	1024
2105	7	70	64	1023.9
2106	6	72	64	1024
2107	8	73	64	1024.1
2108	7	77	64	1023.7
2109	7	77	64	1023.7
2110	10	75	63	1023.3
2111	11	75	64	1022.8
2112	9	73	64	1022.7
2113	9	75	61	1022.2
2114	8	73	64	1022.3
2115	9	73	64	1022.3
2116	9	73	65	1022.3
2117	8	72	66	1022.6
2118	7	70	66	1022.9
2119	7	68	66	1022.6
2120	6	66	66	1022.3
2121	3	64	64	1022.1
2122	7	66	66	1021.7
2123	7	66	66	1021.7
2124	5	66	64	1021.4
2125	5	64	64	1021
2126	3	64	64	1020.5
2127	3	63	63	1020.7
2128	0	64	64	1020.9
2129	3	66	66	1021.1
2130	3	66	66	1021.1
2131	5	70	66	1021.3
2132	7	72	66	1020.6
2133	7	73	68	1020.6
2134	9	75	68	1020.2
2135	9	75	68	1020
2136	13	73	66	1019.2
2137	13	73	66	1018.7
2138	15	72	66	1018.2
2139	18	72	63	1018.1
2140	16	70	63	1017.8
2141	13	70	63	1017.7
2142	11	66	63	1017.6
2143	11	67	62	1017.6
2144	8	64	63	1017.9
2145	7	64	64	1018
2146	8	64	63	1017.8
2147	8	66	64	1017.8
2148	6	64	64	1017.4
2149	5	63	63	1016.8
2150	5	63	63	1016.8
2151	5	63	63	1016.7
2152	8	63	63	1016.3
2153	11	63	63	1016.3
2154	11	63	63	1016.6
2155	6	64	63	1016.3
2156	9	70	66	1016
2157	9	70	66	1016
2158	10	72	66	1015.6
2159	11	72	66	1014.9
2160	17	77	66	1013.7
2161	15	73	66	1013.9
2162	15	72	70	1013.8
2163	15	72	70	1013.8
2164	15	73	72	1013.4
2165	19	73	72	1013.4
2166	13	73	72	1013.2
2167	13	73	72	1012.8
2168	11	73	72	1012.7
2169	9	73	73	1012.8
2170	9	73	73	1012.6
2171	9	74	73	1012.6
2172	6	72	72	1012.9
2173	5	72	72	1013.8
2174	6	73	73	1013.5
2175	7	73	73	1013.4
2176	7	73	70	1013.7
2177	10	72	68	1013.7
2178	10	72	68	1013.7
2179	10	72	66	1013.8
2180	13	70	63	1014.1
2181	11	66	61	1014
2182	8	66	61	1014.3
2183	10	66	61	1014.4
2184	7	72	63	1014.8
2185	7	71	62	1014.8
2186	7	73	64	1015
2187	5	75	64	1014.8
2188	9	77	64	1014.8
2189	10	77	63	1015.1
2190	6	81	68	1014.4
2191	6	81	68	1014.4
2192	8	79	70	1014
2193	9	75	68	1013.9
2194	9	79	66	1013.9
2195	10	75	66	1013.8
2196	8	75	66	1013.8
2197	5	73	66	1014.2
2198	5	74	67	1014.2
2199	0	75	64	1014.5
2200	8	79	61	1014.6
2201	9	75	63	1014.7
2202	9	75	63	1014.9
2203	7	73	63	1014.8
2204	7	73	63	1014.8
2205	7	73	62	1014.8
2206	8	70	63	1014.8
2207	7	70	63	1014.6
2208	8	68	63	1014.5
2209	5	66	63	1014.7
2210	10	72	63	1015
2211	8	75	63	1015
2212	8	75	62	1015
2213	8	79	63	1014.8
2214	10	79	63	1014.7
2215	10	79	63	1014.5
2216	8	79	64	1014.3
2217	9	81	68	1013.7
2218	22	70	66	1014.4
2219	22	70	67	1014.4
2220	10	70	70	1014.2
2221	9	72	70	1013.9
2222	8	72	70	1013.3
2223	22	70	70	1013.3
2224	9	72	70	1013.1
2225	11	72	70	1013.3
2226	11	72	70	1013.3
2227	11	72	69	1013.3
2228	9	72	70	1013.5
2229	8	72	70	1013.8
2230	7	70	70	1013.9
2231	8	72	70	1013.7
2232	11	70	70	1013.3
2233	8	68	68	1012.8
2234	8	68	68	1012.8
2235	8	68	68	1013
2236	8	68	68	1013.1
2237	8	68	66	1012.7
2238	6	68	68	1012.8
2239	6	66	66	1013.2
2240	5	70	68	1013.5
2241	5	69	68	1013.5
2242	6	70	68	1013.8
2243	3	70	68	1014.3
2244	6	73	70	1014.3
2245	8	73	70	1014.1
2246	8	73	68	1014
2247	10	75	66	1013.6
2248	10	75	66	1013.6
2249	11	72	66	1013.6
2250	9	72	64	1013.6
2251	9	72	66	1013.5
2252	10	70	66	1013.5
2253	8	70	68	1013.6
2254	8	68	66	1013.8
2255	8	68	67	1013.8
2256	6	66	66	1014.3
2257	6	66	66	1014.7
2258	0	64	64	1014.8
2259	3	64	64	1014.7
2260	7	66	66	1014.5
2261	9	66	64	1014.6
2262	9	67	64	1014.6
2263	7	66	61	1014.6
2264	8	64	61	1014.7
2265	3	64	57	1014.8
2266	5	64	57	1015.1
2267	7	68	59	1015.3
2268	9	72	59	1015.5
2269	9	71	59	1015.5
2270	5	75	57	1015.6
2271	11	79	55	1015.7
2272	5	79	54	1015.8
2273	8	81	55	1015.5
2274	9	81	54	1015.2
2275	9	82	52	1014.6
2276	9	83	52	1014.6
2277	11	84	54	1014.4
2278	11	84	54	1014.2
2279	7	84	54	1014.3
2280	11	82	54	1014.4
2281	13	81	54	1014.6
2282	10	79	54	1014.7
2283	10	79	54	1014.7
2284	9	75	57	1014.8
2285	11	73	63	1015.5
2286	10	73	61	1015.2
2287	11	72	61	1014.9
2288	9	73	61	1014.8
2289	7	69	60	1014.7
2290	7	70	61	1014.7
2291	7	69	60	1014.7
2292	8	70	61	1014.4
2293	7	66	63	1014.2
2294	8	66	64	1013.9
2295	9	66	66	1014.1
2296	11	70	66	1013.9
2297	10	72	68	1014
2298	10	72	68	1014
2299	13	75	66	1013.7
2300	13	77	66	1013.5
2301	18	79	64	1013.6
2302	17	81	64	1013.3
2303	19	81	64	1012.9
2304	18	82	66	1012.3
2305	18	83	66	1012.3
2306	17	82	64	1012
2307	16	81	64	1011.6
2308	18	79	66	1011
2309	19	77	70	1010.8
2310	16	75	72	1010.7
2311	14	75	72	1010.8
2312	14	75	72	1010.8
2313	15	75	72	1010.1
2314	16	75	72	1010.6
2315	15	73	72	1010.8
2316	17	73	72	1010.6
2317	21	73	70	1009.7
2318	22	73	72	1007.9
2319	22	73	71	1007.9
2320	16	73	72	1008.1
2321	17	73	72	1007.9
2322	17	73	72	1007.5
2323	13	73	72	1008.3
2324	14	75	72	1008.2
2325	19	75	73	1008.8
2326	19	76	73	1008.8
2327	13	79	73	1009.3
2328	8	75	75	1008.5
2329	15	79	77	1008.6
2330	13	81	75	1008.8
2331	17	82	77	1008.3
2332	16	84	75	1007.8
2333	16	84	76	1007.8
2334	7	81	75	1008.3
2335	7	84	77	1008.3
2336	15	81	75	1008.6
2337	11	79	75	1009
2338	10	75	75	1009.1
2339	9	75	75	1009.6
2340	9	76	76	1009.6
2341	6	75	75	1009.5
2342	6	75	75	1009.6
2343	8	73	73	1009.3
2344	7	73	73	1009.5
2345	10	75	75	1008.8
2346	16	75	75	1009.6
2347	16	75	75	1009.6
2348	9	72	72	1009.4
2349	8	72	72	1009.3
2350	7	73	73	1009.2
2351	7	72	72	1009.8
2352	8	72	72	1009.6
2353	8	73	73	1010
2354	8	74	74	1010
2355	9	73	73	1010
2356	8	75	73	1010.5
2357	8	75	73	1010.5
2358	11	79	75	1010.7
2359	14	81	73	1010.8
2360	13	79	72	1011
2361	13	79	72	1011
2362	17	81	73	1010.9
2363	16	81	72	1010.8
2364	11	81	72	1011.1
2365	14	81	72	1011.5
2366	14	77	73	1012
2367	14	77	73	1012
2368	16	75	72	1012.9
2369	8	73	72	1013.4
2370	10	73	72	1013.8
2371	10	73	72	1014.1
2372	14	73	72	1014.3
2373	11	73	72	1014.3
2374	11	73	71	1014.3
2375	7	73	72	1014.1
2376	6	72	72	1013.5
2377	9	70	70	1013.3
2378	9	72	72	1013.9
2379	10	72	72	1014.4
2380	6	72	72	1014.8
2381	6	72	72	1014.8
2382	8	72	72	1015
2383	10	72	72	1015
2384	10	75	75	1014.8
2385	15	75	73	1014.6
2386	16	79	73	1014.5
2387	21	79	73	1014.1
2388	21	79	73	1014.1
2389	17	81	72	1013.9
2390	18	82	72	1014
2391	19	81	72	1014.4
2392	16	81	70	1014.3
2393	18	79	70	1014.8
2394	14	75	70	1015.2
2395	14	76	69	1015.2
2396	15	73	70	1016.1
2397	13	73	70	1016.9
2398	10	72	70	1017.1
2399	10	72	70	1017.3
2400	10	72	70	1017.3
2401	11	72	70	1017.4
2402	11	71	70	1017.4
2403	11	72	70	1017.5
2404	13	72	68	1017.7
2405	13	70	68	1018
2406	9	70	66	1018.6
2407	10	72	66	1019.4
2408	13	72	64	1019.9
2409	13	71	65	1019.9
2410	11	73	64	1020.4
2411	9	73	63	1020.6
2412	11	81	63	1020.7
2413	8	82	64	1020.7
2414	14	82	64	1020.9
2415	14	83	64	1020.9
2416	11	84	63	1020.8
2417	9	84	63	1020.4
2418	11	84	63	1020.4
2419	15	84	63	1020.5
2420	13	82	64	1020.6
2421	13	81	63	1021.2
2422	13	81	63	1021.2
2423	9	81	63	1021.7
2424	9	77	63	1022.3
2425	10	75	66	1022.5
2426	13	73	64	1022.7
2427	7	73	64	1022.7
2428	7	70	64	1022.7
2429	7	70	65	1022.7
2430	8	70	64	1022.7
2431	6	68	64	1023.3
2432	6	68	64	1023.4
2433	6	72	64	1023.3
2434	10	75	64	1023.2
2435	10	75	64	1023.2
2436	13	81	63	1022.7
2437	9	82	63	1022.3
2438	16	84	63	1022
2439	16	86	63	1021.4
2440	15	88	63	1020.5
2441	14	88	64	1019.7
2442	14	87	64	1019.7
2443	15	88	61	1019.2
2444	14	88	63	1019
2445	18	86	64	1018.2
2446	17	84	63	1018.1
2447	14	84	63	1017.7
2448	11	81	63	1017.1
2449	11	81	63	1017.1
2450	11	79	64	1016.9
2451	16	77	66	1016.6
2452	14	75	66	1016.7
2453	11	73	66	1016.1
2454	13	75	66	1015.7
2455	11	75	66	1015.3
2456	11	75	66	1015.3
2457	11	73	64	1014.6
2458	10	73	64	1014.3
2459	10	73	64	1013.7
2460	10	73	64	1013.5
2461	15	73	64	1012.8
2462	13	75	64	1012.4
2463	13	75	65	1012.4
2464	14	75	66	1011.7
2465	15	79	66	1010.6
2466	16	81	68	1010
2467	19	84	70	1008.5
2468	21	86	68	1007.7
2469	16	88	70	1006.8
2470	16	87	69	1006.8
2471	19	88	70	1006
2472	23	90	70	1005.1
2473	22	86	70	1005.2
2474	18	84	72	1004.5
2475	15	84	72	1004.6
2476	13	82	72	1004.9
2477	13	83	71	1004.9
2478	15	82	72	1004.8
2479	9	81	72	1004.5
2480	13	82	72	1004.6
2481	11	81	72	1004.9
2482	13	81	72	1004.8
2483	11	79	66	1005
2484	11	79	66	1005
2485	13	75	61	1005.5
2486	10	73	59	1005.6
2487	14	72	59	1006.6
2488	10	72	59	1007.4
2489	9	72	59	1008.3
2490	11	73	57	1008.7
2491	11	73	57	1008.7
2492	11	75	61	1008.8
2493	13	77	61	1008.4
2494	16	79	57	1008.6
2495	15	81	57	1008.2
2496	14	81	57	1007.9
2497	17	82	55	1007.7
2498	17	83	55	1007.7
2499	8	82	57	1007.8
2500	13	82	55	1008
2501	15	82	54	1008.1
2502	11	82	54	1008.4
2503	13	79	55	1009
2504	9	79	55	1009.7
2505	9	78	55	1009.7
2506	10	77	55	1010.1
2507	8	75	54	1010.8
2508	9	75	55	1011.3
2509	8	73	57	1011.1
2510	7	73	55	1011.7
2511	6	72	55	1011.7
2512	6	72	56	1011.7
2513	6	66	57	1011.8
2514	3	66	59	1011.7
2515	0	68	61	1011.9
2516	6	68	61	1012.5
2517	7	66	59	1012.9
2518	8	70	57	1013.6
2519	8	69	58	1013.6
2520	7	72	57	1014.1
2521	7	72	61	1014.1
2522	9	75	61	1014.3
2523	10	75	61	1014.1
2524	13	75	63	1014
2525	11	77	59	1014
2526	11	77	59	1014
2527	14	75	61	1014.2
2528	14	75	57	1014.5
2529	14	75	61	1014.4
2530	13	75	61	1014.7
2531	9	72	63	1014.9
2532	8	70	63	1015.5
2533	8	70	63	1015.5
2534	10	72	63	1016.2
2535	9	70	64	1017
2536	6	68	64	1017.6
2537	6	66	64	1018.3
2538	8	68	64	1018.4
2539	7	66	63	1018.5
2540	7	67	63	1018.5
2541	9	66	63	1018.7
2542	9	64	63	1018.9
2543	10	64	63	1019.6
2544	9	64	63	1020
2545	6	66	63	1020.4
2546	5	70	63	1021.1
2547	5	70	63	1021.1
2548	7	73	64	1021.4
2549	6	75	64	1021.7
2550	9	75	64	1021.8
2551	9	79	64	1021.6
2552	13	75	66	1021.7
2553	13	77	64	1021.3
2554	13	77	65	1021.3
2555	10	81	66	1021.3
2556	9	79	66	1021.5
2557	15	81	70	1021.6
2558	13	79	66	1021.6
2559	13	75	66	1021.9
2560	10	73	64	1022.3
2561	10	73	65	1022.3
2562	9	72	63	1022.9
2563	7	70	63	1023.5
2564	6	66	63	1023.6
2565	7	66	63	1023.6
2566	9	66	63	1023.7
2567	0	64	63	1023.4
2568	0	64	62	1023.4
2569	3	63	63	1023.6
2570	3	63	63	1023.6
2571	0	63	61	1023.7
2572	0	63	61	1023.9
2573	3	64	61	1024
2574	6	64	63	1024.4
2575	6	65	62	1024.4
2576	3	70	61	1024.5
2577	7	70	61	1024.8
2578	9	70	59	1024.9
2579	13	72	63	1024.8
2580	11	72	63	1024.6
2581	14	72	63	1024.2
2582	14	72	62	1024.2
2583	11	72	63	1024.1
2584	14	72	63	1024.1
2585	14	72	63	1023.6
2586	13	72	64	1023.8
2587	14	72	64	1023.8
2588	10	70	64	1023.6
2589	11	68	63	1023.6
2590	8	64	63	1023.7
2591	8	65	62	1023.7
2592	3	64	63	1023.9
2593	5	64	63	1023.8
2594	9	63	61	1023.5
2595	6	63	61	1023.5
2596	5	63	61	1023.2
2597	5	63	61	1023.1
2598	5	62	61	1023.1
2599	3	63	61	1022.9
2600	8	63	63	1022.3
2601	9	63	63	1021.7
2602	9	63	63	1021.8
2603	13	64	63	1021.7
2604	11	64	63	1021.4
2605	11	64	63	1021.4
2606	14	63	63	1020.7
2607	6	63	63	1021.1
2608	8	63	63	1020.8
2609	9	63	63	1020.8
2610	7	63	63	1020.5
2611	9	63	63	1020.1
2612	9	66	66	1020.1
2613	7	66	66	1020
2614	9	66	66	1019.6
2615	9	64	64	1019.3
2616	6	64	64	1019.4
2617	6	64	64	1019
2618	0	64	64	1018.9
